#--------------------------------------------------------------------
##   i NAME.........    PDG  Anti   CLASS      Q        MASS       WIDTH  2*I+1 I3 2*S+1 FLVR TrkCod N(dec)
  524 Cherenkov             50000050 1 100 Special  0 0.00000e+00 0.00000e+00 0 0 0 -1 0 0
  525 FeedbackPhoton        50000051 1 100 Special  0 0.00000e+00 0.00000e+00 0 0 0 -1 0 0
  523 Lambda0R      2202212   1 100 Baryon    0      1.1157 0.00000e+00 -100 -1 -100 -1   -1   0
  524 Lambda0R_bar -2202212   523     0
  525 Deuteron   1000010020   1 100 ion       3      1.8756 0.00000e+00 -100 -1 -100 -1   -1   0
  526 Deuteron_bar -1000010020  525   0
  527 Triton     1000010030   1 100 ion       3      2.8089  6.5821e-45 -100 -1 -100 -1   -1   1
#----------------------------------------------------------------------
#    decay  type(PY6)    BR     Nd         daughters(codes, then names)
#----------------------------------------------------------------------
         1     0         1.0   2     1000020030   11                                     He3   e-
  528 Triton_bar -1000010030   527 0
  529 Alpha       1000020040   1 100 ion       6    3.7274  0.00000e+00 -100 -1 -100 -1   -1   0
  530 Alpha_bar  -1000020040   529 0
  531 He3         1000020030   1 100 ion       6    2.8084  0.00000e+00 -100 -1 -100 -1   -1   0
  532 He3_bar    -1000020030   531 0
  533 He3r        2000020030   1 100 ion       6    2.8084  0.00000e+00 -100 -1 -100 -1   -1   0
  533 He3r_bar   -2000020030   533 0
  535 He6         1000020060   1 100 ion       6    5.6055  0.00000e+00 -100 -1 -100 -1   -1   0
  536 He6_bar    -1000020060   535 0
  537 Li5         1000030050   1 100 ion       9    4.6676  0.00000e+00 -100 -1 -100 -1   -1   0
  538 Li5_bar    -1000030050   537 0
  539 Li6         1000030060   1 100 ion       9    5.6015  0.00000e+00 -100 -1 -100 -1   -1   0
  540 Li6_bar    -1000030060   539 0
  541 Li7         1000030070   1 100 ion       9    6.5338  0.00000e+00 -100 -1 -100 -1   -1   0
  542 Li7_bar    -1000030070   541 0
  543 Be7         1000040070   1 100 ion       9    6.5342  0.00000e+00 -100 -1 -100 -1   -1   0
  544 Be7_bar    -1000040070   543 0
  545 Be9         1000040090   1 100 ion       9    8.3948  0.00000e+00 -100 -1 -100 -1   -1   0
  546 Be9_bar    -1000040090   545 0
  547 Be10        1000040100   1 100 ion       9    9.3275  0.00000e+00 -100 -1 -100 -1   -1   0
  548 Be10_bar   -1000040100   547 0
  549 B11         1000050110   1 100 ion       9   10.2666  0.00000e+00 -100 -1 -100 -1   -1   0
  550 B11_bar    -1000050110   549 0
  551 LN                3003   1 100 baryon    0    2.0500  0.00000e+00 -100 -1 -100 -1   -1   0
  552 LN_bar           -3003   551 0
  553 LNN         1010000030   1 100 baryon    0    2.9925  0.00000e+00 -100 -1 -100 -1   -1   0
  554 LNN_bar    -1010000030   553 0
  555 H2L               3028   1 100 baryon    0    2.0545  0.00000e+00 -100 -1 -100 -1   -1   0
  556 H2L_bar          -3028   555 0
  557 H2Lr           1003028   1 100 baryon    0    2.0545  0.00000e+00 -100 -1 -100 -1   -1   0
  558 H2Lr_bar      -1003028   557 0
  559 H3L               3004   1 100 baryon    0    2.9908  0.00000e+00 -100 -1 -100 -1   -1   0
  560 H3L_bar          -3004   559 0
  561 H3Ldp          1003004   1 100 baryon    0    2.9908  0.00000e+00 -100 -1 -100 -1   -1   0
  562 H3Ldp_bar     -1003004   561 0
  563 H3Lr           2003004   1 100 baryon    0    2.9908  0.00000e+00 -100 -1 -100 -1   -1   0
  564 H3Lr_bar      -2003004   563 0
  565 H4L               3005   1 100 baryon    0    3.9224  0.00000e+00 -100 -1 -100 -1   -1   0
  566 H4L_bar          -3005   565 0
  567 H4Ltp             3013   1 100 baryon    0    3.9224  0.00000e+00 -100 -1 -100 -1   -1   0
  568 H4Ltp_bar        -3013   567 0
  569 H4L2d             3014   1 100 baryon    0    3.9224  0.00000e+00 -100 -1 -100 -1   -1   0
  570 H4L2d_bar        -3014   569 0
  571 H5L               3015   1 100 baryon    0    4.8640  0.00000e+00 -100 -1 -100 -1   -1   0
  572 H5L_bar          -3015   571 0
  573 Upsilon''       200553  0 100 Unknown     0 10.0233 20.32e-6  -100 -1 -100 -1   -1  14
#----------------------------------------------------------------------
#    decay  type(PY6)    BR     Nd         daughters(codes, then names)
#----------------------------------------------------------------------
         1     0   1.40000e-02   2       11      -11                                     e-         e+
         2     0   1.40000e-02   2       13      -13                                     mu-        mu+
         3     0   1.40000e-02   2       15      -15                                     tau-       tau+
         4    32   8.00000e-03   2        1       -1                                     d          dbar
         5    32   2.40000e-02   2        2       -2                                     u          ubar
         6    32   8.00000e-03   2        3       -3                                     s          sbar
         7    32   2.40000e-02   2        4       -4                                     c          cbar
         8     4   4.25000e-01   3       21       21       21                            g          g          g
         9     4   2.00000e-02   3       22       21       21                            gamma      g          g
        10     0   1.85000e-01   3      553      211     -211                            Upsilon    pi+        pi-
        11     0   8.80000e-02   3      553      111      111                            Upsilon    pi0        pi0
        12     0   4.30000e-02   2    10551       22                                     chi_0b     gamma
        13     0   6.70000e-02   2    20553       22                                     chi_1b     gamma
        14     0   6.60000e-02   2      555       22                                     chi_2b     gamma
