TDataSet *CreateTable() {
  if (!gROOT->GetClass("St_Survey")) return 0;
  Survey_st row[48] = {
    //               -gamma      beta     gamma              -alpha     -beta     alpha                 x0       y0       z0
    { 1, 1.000000, 0.000501, 0.000000,-0.000501, 1.000000, 0.000000, 0.000000, 0.000000, 1.000000, -0.0744,  0.0079,  0.0455, 0.00, 0.00, 0.01, 1.47, 1.41, 0.54,"(RF+RF)/2"},
    { 2, 1.000000, 0.001194, 0.000000,-0.001194, 1.000000, 0.000000, 0.000000, 0.000000, 1.000000, -0.1657,  0.0088,  0.0460, 0.00, 0.00, 0.01, 3.25, 2.28, 1.60,"(RF+RF)/2"},
    { 3, 1.000000, 0.000650, 0.000000,-0.000650, 1.000000, 0.000000, 0.000000, 0.000000, 1.000000, -0.0802, -0.0070,  0.0372, 0.00, 0.01, 0.01, 3.49, 3.14, 1.32,"(RF+RF)/2"},
    { 4, 1.000000, 0.000537, 0.000000,-0.000537, 1.000000, 0.000000, 0.000000, 0.000000, 1.000000, -0.0481,  0.0045,  0.0486, 0.00, 0.00, 0.01, 3.23, 2.49, 0.74,"(RF+RF)/2"},
    { 5, 1.000000, 0.000890, 0.000000,-0.000890, 1.000000, 0.000000, 0.000000, 0.000000, 1.000000, -0.0936,  0.0105,  0.0448, 0.00, 0.00, 0.01, 2.37, 1.99, 0.52,"(RF+RF)/2"},
    { 6, 1.000000, 0.000693, 0.000000,-0.000693, 1.000000, 0.000000, 0.000000, 0.000000, 1.000000, -0.0627,  0.0091,  0.0369, 0.00, 0.00, 0.01, 1.17, 1.41, 0.90,"(RF+RF)/2"},
    { 7, 1.000000, 0.000565, 0.000000,-0.000565, 1.000000, 0.000000, 0.000000, 0.000000, 1.000000, -0.0557,  0.0044,  0.0187, 0.00, 0.00, 0.01, 1.62, 1.48, 1.62,"(RF+RF)/2"},
    { 8, 1.000000, 0.000599, 0.000000,-0.000599, 1.000000, 0.000000, 0.000000, 0.000000, 1.000000, -0.0441,  0.0024,  0.0142, 0.00, 0.00, 0.01, 3.49, 2.09, 2.65,"(RF+RF)/2"},
    { 9, 1.000000, 0.001284, 0.000000,-0.001284, 1.000000, 0.000000, 0.000000, 0.000000, 1.000000, -0.1718,  0.0035,  0.0610, 0.00, 0.01, 0.01, 5.37, 3.66, 3.17,"(RF+RF)/2"},
    {10, 1.000000, 0.000654, 0.000000,-0.000654, 1.000000, 0.000000, 0.000000, 0.000000, 1.000000, -0.0680,  0.0016,  0.0523, 0.00, 0.00, 0.01, 5.11, 2.86, 2.02,"(RF+RF)/2"},
    {11, 1.000000, 0.000987, 0.000000,-0.000987, 1.000000, 0.000000, 0.000000, 0.000000, 1.000000, -0.0906, -0.0105,  0.0624, 0.00, 0.00, 0.01, 1.85, 1.51, 1.55,"(RF+RF)/2"},
    {12, 1.000000, 0.000265, 0.000000,-0.000265, 1.000000, 0.000000, 0.000000, 0.000000, 1.000000, -0.0144, -0.0029,  0.0685, 0.00, 0.00, 0.01, 2.11, 1.35, 0.48,"(RF+RF)/2"},
    {13, 1.000000,-0.000438, 0.000000, 0.000438, 1.000000, 0.000000, 0.000000, 0.000000, 1.000000,  0.0317, -0.0032,  0.0335, 0.00, 0.00, 0.01, 2.25, 1.68, 1.63,"(RF+RF)/2"},
    {14, 1.000000, 0.000726, 0.000000,-0.000726, 1.000000, 0.000000, 0.000000, 0.000000, 1.000000, -0.1252,  0.0050,  0.0609, 0.00, 0.00, 0.01, 3.62, 2.74, 1.67,"(RF+RF)/2"},
    {15, 0.999999,-0.000479, 0.000000, 0.000479, 0.999999, 0.000000, 0.000000, 0.000000, 1.000000,  0.0390,  0.0102,  0.0520, 0.00, 0.01, 0.01, 1.75, 3.39, 2.93,"(RF+RF)/2"},
    {16, 1.000000,-0.000041, 0.000000, 0.000041, 1.000000, 0.000000, 0.000000, 0.000000, 1.000000, -0.0027,  0.0122, -0.0352, 0.00, 0.00, 0.01, 3.26, 2.17, 0.72,"(RF+RF)/2"},
    {17, 1.000000,-0.000213, 0.000000, 0.000213, 1.000000, 0.000000, 0.000000, 0.000000, 1.000000,  0.0316,  0.0025,  0.0302, 0.00, 0.00, 0.01, 2.82, 1.53, 0.93,"(RF+RF)/2"},
    {18, 1.000000,-0.000697, 0.000000, 0.000697, 1.000000, 0.000000, 0.000000, 0.000000, 1.000000,  0.0913, -0.0007,  0.0403, 0.00, 0.00, 0.01, 1.68, 1.49, 2.14,"(RF+RF)/2"},
    {19, 1.000000,-0.000653, 0.000000, 0.000653, 1.000000, 0.000000, 0.000000, 0.000000, 1.000000,  0.0905,  0.0121,  0.0593, 0.00, 0.00, 0.01, 1.86, 1.65, 0.69,"(RF+RF)/2"},
    {20, 1.000000,-0.001094, 0.000000, 0.001094, 1.000000, 0.000000, 0.000000, 0.000000, 1.000000,  0.1342,  0.0076,  0.0572, 0.00, 0.00, 0.01, 2.72, 2.76, 4.02,"(RF+RF)/2"},
    {21, 1.000000,-0.000255, 0.000000, 0.000255, 1.000000, 0.000000, 0.000000, 0.000000, 1.000000,  0.0311,  0.0077,  0.0618, 0.01, 0.01, 0.03, 7.50, 5.15, 1.58,"(RF+RF)/2"},
    {22, 1.000000,-0.000414, 0.000000, 0.000414, 1.000000, 0.000000, 0.000000, 0.000000, 1.000000,  0.0278,  0.0116,  0.0520, 0.00, 0.00, 0.01, 1.27, 2.25, 1.33,"(RF+RF)/2"},
    {23, 1.000000,-0.001224, 0.000000, 0.001224, 1.000000, 0.000000, 0.000000, 0.000000, 1.000000,  0.1623, -0.0066,  0.0615, 0.00, 0.00, 0.01, 2.88, 1.42, 0.61,"(RF+RF)/2"},
    {24, 1.000000,-0.000343, 0.000000, 0.000343, 1.000000, 0.000000, 0.000000, 0.000000, 1.000000,  0.0367,  0.0042,  0.0612, 0.00, 0.00, 0.01, 3.45, 1.84, 1.12,"(RF+RF)/2"},
    { 1, 1.000000, 0.000000, 0.000000, 0.000000, 1.000000, 0.000000, 0.000000, 0.000000, 1.000000,  0.0000,  0.0000,  0.0000, 0.00, 0.00, 0.01, 1.47, 1.41, 0.54,"(RF-RF)/2"},
    { 2, 1.000000, 0.000000, 0.000000, 0.000000, 1.000000, 0.000000, 0.000000, 0.000000, 1.000000,  0.0000,  0.0000,  0.0000, 0.00, 0.00, 0.01, 3.25, 2.28, 1.60,"(RF-RF)/2"},
    { 3, 1.000000, 0.000000, 0.000000, 0.000000, 1.000000, 0.000000, 0.000000, 0.000000, 1.000000,  0.0000,  0.0000,  0.0000, 0.00, 0.01, 0.01, 3.49, 3.14, 1.32,"(RF-RF)/2"},
    { 4, 1.000000, 0.000000, 0.000000, 0.000000, 1.000000, 0.000000, 0.000000, 0.000000, 1.000000,  0.0000,  0.0000,  0.0000, 0.00, 0.00, 0.01, 3.23, 2.49, 0.74,"(RF-RF)/2"},
    { 5, 1.000000, 0.000000, 0.000000, 0.000000, 1.000000, 0.000000, 0.000000, 0.000000, 1.000000,  0.0000,  0.0000,  0.0000, 0.00, 0.00, 0.01, 2.37, 1.99, 0.52,"(RF-RF)/2"},
    { 6, 1.000000, 0.000000, 0.000000, 0.000000, 1.000000, 0.000000, 0.000000, 0.000000, 1.000000,  0.0000,  0.0000,  0.0000, 0.00, 0.00, 0.01, 1.17, 1.41, 0.90,"(RF-RF)/2"},
    { 7, 1.000000, 0.000000, 0.000000, 0.000000, 1.000000, 0.000000, 0.000000, 0.000000, 1.000000,  0.0000,  0.0000,  0.0000, 0.00, 0.00, 0.01, 1.62, 1.48, 1.62,"(RF-RF)/2"},
    { 8, 1.000000, 0.000000, 0.000000, 0.000000, 1.000000, 0.000000, 0.000000, 0.000000, 1.000000,  0.0000,  0.0000,  0.0000, 0.00, 0.00, 0.01, 3.49, 2.09, 2.65,"(RF-RF)/2"},
    { 9, 1.000000, 0.000000, 0.000000, 0.000000, 1.000000, 0.000000, 0.000000, 0.000000, 1.000000,  0.0000,  0.0000,  0.0000, 0.00, 0.01, 0.01, 5.37, 3.66, 3.17,"(RF-RF)/2"},
    {10, 1.000000, 0.000000, 0.000000, 0.000000, 1.000000, 0.000000, 0.000000, 0.000000, 1.000000,  0.0000,  0.0000,  0.0000, 0.00, 0.00, 0.01, 5.11, 2.86, 2.02,"(RF-RF)/2"},
    {11, 1.000000, 0.000000, 0.000000, 0.000000, 1.000000, 0.000000, 0.000000, 0.000000, 1.000000,  0.0000,  0.0000,  0.0000, 0.00, 0.00, 0.01, 1.85, 1.51, 1.55,"(RF-RF)/2"},
    {12, 1.000000, 0.000000, 0.000000, 0.000000, 1.000000, 0.000000, 0.000000, 0.000000, 1.000000,  0.0000,  0.0000,  0.0000, 0.00, 0.00, 0.01, 2.11, 1.35, 0.48,"(RF-RF)/2"},
    {13, 1.000000, 0.000000, 0.000000, 0.000000, 1.000000, 0.000000, 0.000000, 0.000000, 1.000000,  0.0000,  0.0000,  0.0000, 0.00, 0.00, 0.01, 2.25, 1.68, 1.63,"(RF-RF)/2"},
    {14, 1.000000, 0.000000, 0.000000, 0.000000, 1.000000, 0.000000, 0.000000, 0.000000, 1.000000,  0.0000,  0.0000,  0.0000, 0.00, 0.00, 0.01, 3.62, 2.74, 1.67,"(RF-RF)/2"},
    {15, 1.000000, 0.000000, 0.000000, 0.000000, 1.000000, 0.000000, 0.000000, 0.000000, 1.000000,  0.0000,  0.0000,  0.0000, 0.00, 0.01, 0.01, 1.75, 3.39, 2.93,"(RF-RF)/2"},
    {16, 1.000000, 0.000000, 0.000000, 0.000000, 1.000000, 0.000000, 0.000000, 0.000000, 1.000000,  0.0000,  0.0000,  0.0000, 0.00, 0.00, 0.01, 3.26, 2.17, 0.72,"(RF-RF)/2"},
    {17, 1.000000, 0.000000, 0.000000, 0.000000, 1.000000, 0.000000, 0.000000, 0.000000, 1.000000,  0.0000,  0.0000,  0.0000, 0.00, 0.00, 0.01, 2.82, 1.53, 0.93,"(RF-RF)/2"},
    {18, 1.000000, 0.000000, 0.000000, 0.000000, 1.000000, 0.000000, 0.000000, 0.000000, 1.000000,  0.0000,  0.0000,  0.0000, 0.00, 0.00, 0.01, 1.68, 1.49, 2.14,"(RF-RF)/2"},
    {19, 1.000000, 0.000000, 0.000000, 0.000000, 1.000000, 0.000000, 0.000000, 0.000000, 1.000000,  0.0000,  0.0000,  0.0000, 0.00, 0.00, 0.01, 1.86, 1.65, 0.69,"(RF-RF)/2"},
    {20, 1.000000, 0.000000, 0.000000, 0.000000, 1.000000, 0.000000, 0.000000, 0.000000, 1.000000,  0.0000,  0.0000,  0.0000, 0.00, 0.00, 0.01, 2.72, 2.76, 4.02,"(RF-RF)/2"},
    {21, 1.000000, 0.000000, 0.000000, 0.000000, 1.000000, 0.000000, 0.000000, 0.000000, 1.000000,  0.0000,  0.0000,  0.0000, 0.01, 0.01, 0.03, 7.50, 5.15, 1.58,"(RF-RF)/2"},
    {22, 1.000000, 0.000000, 0.000000, 0.000000, 1.000000, 0.000000, 0.000000, 0.000000, 1.000000,  0.0000,  0.0000,  0.0000, 0.00, 0.00, 0.01, 1.27, 2.25, 1.33,"(RF-RF)/2"},
    {23, 1.000000, 0.000000, 0.000000, 0.000000, 1.000000, 0.000000, 0.000000, 0.000000, 1.000000,  0.0000,  0.0000,  0.0000, 0.00, 0.00, 0.01, 2.88, 1.42, 0.61,"(RF-RF)/2"},
    {24, 1.000000, 0.000000, 0.000000, 0.000000, 1.000000, 0.000000, 0.000000, 0.000000, 1.000000,  0.0000,  0.0000,  0.0000, 0.00, 0.00, 0.01, 3.45, 1.84, 1.12,"(RF-RF)/2"}
  };
  St_Survey *tableSet = new St_Survey("TpcOuterSectorPositionB",48);
  for (Int_t i = 0; i < 48; i++) tableSet->AddAt(&row[i].Id, i);
  return (TDataSet *)tableSet;
}
