#ifndef __CINT__
#include "tables/St_Survey_Table.h"
#endif
TDataSet *CreateTable() {
  if (!gROOT->GetClass("St_Survey")) return 0;
  Survey_st row[48] = {
    //               -gamma      beta     gamma              -alpha     -beta     alpha                 x0       y0       z0
    { 1, 1.000000, 0.000307,-0.000009,-0.000309, 1.000000,-0.000183, 0.000009, 0.000183, 1.000000, -0.0349,  0.0180, -0.0204, 0.01, 0.01, 0.01, 0.31, 0.79, 0.24,"(Pass14FF+Pass14RF)/2"},
    { 2, 1.000001, 0.000681, 0.000093,-0.000682, 1.000001, 0.000174,-0.000092,-0.000176, 1.000000, -0.1213, -0.0143,  0.0198, 0.01, 0.01, 0.01, 0.41, 1.18, 0.45,"(Pass14FF+Pass14RF)/2"},
    { 3, 1.000000, 0.000160, 0.000063,-0.000161, 1.000000, 0.000015,-0.000062,-0.000015, 1.000000, -0.0365, -0.0133,  0.0010, 0.01, 0.01, 0.01, 0.79, 1.55, 0.59,"(Pass14FF+Pass14RF)/2"},
    { 4, 1.000000, 0.000275,-0.000091,-0.000275, 1.000000, 0.000163, 0.000093,-0.000162, 1.000000, -0.0080, -0.0121,  0.0173, 0.01, 0.01, 0.01, 0.42, 1.25, 0.45,"(Pass14FF+Pass14RF)/2"},
    { 5, 1.000000, 0.000432,-0.000001,-0.000433, 1.000000, 0.000084,-0.000000,-0.000085, 1.000000, -0.0348,  0.0049,  0.0098, 0.01, 0.01, 0.01, 0.42, 0.90, 0.39,"(Pass14FF+Pass14RF)/2"},
    { 6, 1.000000, 0.000374, 0.000013,-0.000375, 1.000000, 0.000047,-0.000012,-0.000048, 1.000000, -0.0348,  0.0048,  0.0049, 0.01, 0.01, 0.01, 0.28, 0.72, 0.26,"(Pass14FF+Pass14RF)/2"},
    { 7, 1.000000, 0.000325, 0.000045,-0.000325, 1.000000, 0.000133,-0.000044,-0.000133, 1.000000, -0.0422, -0.0077,  0.0164, 0.01, 0.01, 0.01, 0.24, 0.78, 0.54,"(Pass14FF+Pass14RF)/2"},
    { 8, 1.000000, 0.000051, 0.000100,-0.000052, 1.000000, 0.000075,-0.000100,-0.000076, 1.000000,  0.0086, -0.0062,  0.0083, 0.01, 0.01, 0.01, 0.39, 1.08, 0.97,"(Pass14FF+Pass14RF)/2"},
    { 9, 1.000001, 0.000294, 0.000165,-0.000294, 1.000001, 0.000005,-0.000165,-0.000006, 1.000000, -0.0790, -0.0002, -0.0009, 0.01, 0.01, 0.01, 1.18, 1.94, 0.82,"(Pass14FF+Pass14RF)/2"},
    {10, 1.000000,-0.000270, 0.000007, 0.000271, 1.000000,-0.000099,-0.000007, 0.000100, 1.000000,  0.0296,  0.0126, -0.0113, 0.01, 0.01, 0.01, 0.65, 1.50, 0.66,"(Pass14FF+Pass14RF)/2"},
    {11, 1.000000, 0.000072,-0.000029,-0.000073, 1.000000,-0.000051, 0.000029, 0.000050, 1.000000,  0.0148, -0.0062, -0.0067, 0.01, 0.01, 0.01, 0.41, 1.23, 0.40,"(Pass14FF+Pass14RF)/2"},
    {12, 1.000000,-0.000180, 0.000011, 0.000180, 1.000000,-0.000042,-0.000009, 0.000042, 1.000000,  0.0282,  0.0011, -0.0055, 0.01, 0.01, 0.01, 0.30, 0.69, 0.24,"(Pass14FF+Pass14RF)/2"},
    {13, 1.000000, 0.000189, 0.000027,-0.000189, 1.000000,-0.000080,-0.000028, 0.000080, 1.000000, -0.0391,  0.0092, -0.0089, 0.01, 0.01, 0.01, 0.47, 0.90, 0.37,"(Pass14FF+Pass14RF)/2"},
    {14, 1.000000, 0.000868, 0.000054,-0.000867, 1.000000,-0.000023,-0.000055, 0.000023, 1.000000, -0.1407,  0.0072, -0.0030, 0.01, 0.01, 0.01, 0.68, 1.33, 0.64,"(Pass14FF+Pass14RF)/2"},
    {15, 0.999999, 0.000392,-0.000014,-0.000390, 0.999999, 0.000053, 0.000016,-0.000051, 1.000000, -0.0659, -0.0140,  0.0051, 0.01, 0.01, 0.01, 0.75, 1.67, 0.78,"(Pass14FF+Pass14RF)/2"},
    {16, 1.000000,-0.000086,-0.000051, 0.000086, 1.000000, 0.000115, 0.000051,-0.000116, 1.000000,  0.0101, -0.0032,  0.0137, 0.01, 0.01, 0.01, 0.82, 1.21, 0.42,"(Pass14FF+Pass14RF)/2"},
    {17, 1.000000, 0.000634,-0.000027,-0.000634, 1.000000, 0.000131, 0.000028,-0.000129, 1.000000, -0.0632, -0.0122,  0.0169, 0.01, 0.01, 0.01, 0.55, 0.95, 0.46,"(Pass14FF+Pass14RF)/2"},
    {18, 1.000000, 0.000024, 0.000021,-0.000024, 1.000000, 0.000120,-0.000019,-0.000120, 1.000000,  0.0072, -0.0100,  0.0131, 0.01, 0.01, 0.01, 0.49, 0.75, 0.38,"(Pass14FF+Pass14RF)/2"},
    {19, 1.000000,-0.000004, 0.000033, 0.000002, 1.000000, 0.000059,-0.000033,-0.000059, 1.000000,  0.0185,  0.0086,  0.0072, 0.01, 0.01, 0.01, 0.40, 0.89, 0.40,"(Pass14FF+Pass14RF)/2"},
    {20, 1.000000,-0.000649, 0.000068, 0.000649, 1.000000,-0.000006,-0.000068, 0.000004, 1.000000,  0.0923,  0.0042, -0.0015, 0.01, 0.01, 0.01, 0.63, 1.32, 0.80,"(Pass14FF+Pass14RF)/2"},
    {21, 1.000000, 0.000400, 0.000043,-0.000400, 1.000000,-0.000016,-0.000042, 0.000014, 1.000000, -0.0349, -0.0010, -0.0032, 0.01, 0.01, 0.01, 2.54, 2.24, 0.94,"(Pass14FF+Pass14RF)/2"},
    {22, 1.000000, 0.000228,-0.000003,-0.000229, 1.000000,-0.000042, 0.000002, 0.000042, 1.000000, -0.0397,  0.0167, -0.0036, 0.01, 0.01, 0.01, 0.73, 1.15, 0.48,"(Pass14FF+Pass14RF)/2"},
    {23, 1.000001,-0.000524,-0.000028, 0.000524, 1.000001,-0.000154, 0.000028, 0.000156, 1.000000,  0.0899,  0.0119, -0.0173, 0.01, 0.01, 0.01, 0.36, 0.73, 0.25,"(Pass14FF+Pass14RF)/2"},
    {24, 1.000000,-0.000020,-0.000025, 0.000020, 1.000000,-0.000027, 0.000025, 0.000027, 1.000000,  0.0152,  0.0132, -0.0030, 0.01, 0.01, 0.01, 0.44, 0.95, 0.37,"(Pass14FF+Pass14RF)/2"},
    { 1, 1.000000,-0.000226, 0.000010, 0.000226, 1.000000,-0.000003,-0.000010, 0.000003, 1.000000,  0.0455, -0.0017, -0.0013, 0.01, 0.01, 0.01, 0.31, 0.79, 0.24,"(Pass14FF-Pass14RF)/2"},
    { 2, 1.000000,-0.000387, 0.000013, 0.000387, 1.000000, 0.000014,-0.000012,-0.000014, 1.000000,  0.0613, -0.0038,  0.0011, 0.01, 0.01, 0.01, 0.41, 1.18, 0.45,"(Pass14FF-Pass14RF)/2"},
    { 3, 1.000000,-0.000551, 0.000042, 0.000549, 1.000000, 0.000020,-0.000042,-0.000020, 1.000000,  0.0612, -0.0009,  0.0034, 0.01, 0.01, 0.01, 0.79, 1.55, 0.59,"(Pass14FF-Pass14RF)/2"},
    { 4, 1.000000,-0.000208,-0.000006, 0.000208, 1.000000, 0.000023, 0.000006,-0.000022, 1.000000,  0.0459,  0.0033,  0.0031, 0.01, 0.01, 0.01, 0.42, 1.25, 0.45,"(Pass14FF-Pass14RF)/2"},
    { 5, 1.000000,-0.000132, 0.000010, 0.000133, 1.000000,-0.000005,-0.000009, 0.000006, 1.000000,  0.0415,  0.0078, -0.0001, 0.01, 0.01, 0.01, 0.42, 0.90, 0.39,"(Pass14FF-Pass14RF)/2"},
    { 6, 1.000000,-0.000127, 0.000012, 0.000128, 1.000000,-0.000007,-0.000012, 0.000008, 1.000000,  0.0236,  0.0040, -0.0015, 0.01, 0.01, 0.01, 0.28, 0.72, 0.26,"(Pass14FF-Pass14RF)/2"},
    { 7, 1.000000,-0.000275, 0.000011, 0.000275, 1.000000, 0.000017,-0.000009,-0.000017, 1.000000,  0.0432,  0.0015,  0.0005, 0.01, 0.01, 0.01, 0.24, 0.78, 0.54,"(Pass14FF-Pass14RF)/2"},
    { 8, 1.000000,-0.000507, 0.000019, 0.000508, 1.000000,-0.000006,-0.000019, 0.000006, 1.000000,  0.0789,  0.0009, -0.0031, 0.01, 0.01, 0.01, 0.39, 1.08, 0.97,"(Pass14FF-Pass14RF)/2"},
    { 9, 1.000000,-0.000625, 0.000060, 0.000625, 1.000000, 0.000025,-0.000060,-0.000024, 1.000000,  0.0770, -0.0024,  0.0019, 0.01, 0.01, 0.01, 1.18, 1.94, 0.82,"(Pass14FF-Pass14RF)/2"},
    {10, 0.999999,-0.000825,-0.000002, 0.000826, 0.999999,-0.000004, 0.000002, 0.000006, 1.000000,  0.1245,  0.0109,  0.0002, 0.01, 0.01, 0.01, 0.65, 1.50, 0.66,"(Pass14FF-Pass14RF)/2"},
    {11, 1.000000,-0.000405, 0.000016, 0.000404, 1.000000, 0.000029,-0.000016,-0.000030, 1.000000,  0.0585, -0.0000,  0.0023, 0.01, 0.01, 0.01, 0.41, 1.23, 0.40,"(Pass14FF-Pass14RF)/2"},
    {12, 1.000000,-0.000290, 0.000025, 0.000290, 1.000000, 0.000022,-0.000024,-0.000022, 1.000000,  0.0439,  0.0013,  0.0038, 0.01, 0.01, 0.01, 0.30, 0.69, 0.24,"(Pass14FF-Pass14RF)/2"},
    {13, 1.000000, 0.000238, 0.000008,-0.000237, 1.000000,-0.000004,-0.000008, 0.000004, 1.000000, -0.0239,  0.0024,  0.0002, 0.01, 0.01, 0.01, 0.47, 0.90, 0.37,"(Pass14FF-Pass14RF)/2"},
    {14, 1.000000,-0.000098, 0.000020, 0.000098, 1.000000, 0.000012,-0.000019,-0.000012, 1.000000,  0.0114,  0.0004,  0.0008, 0.01, 0.01, 0.01, 0.68, 1.33, 0.64,"(Pass14FF-Pass14RF)/2"},
    {15, 1.000000, 0.000719,-0.000029,-0.000721, 1.000000,-0.000008, 0.000030, 0.000008, 1.000000, -0.0510, -0.0023, -0.0004, 0.01, 0.01, 0.01, 0.75, 1.67, 0.78,"(Pass14FF-Pass14RF)/2"},
    {16, 1.000000, 0.000215, 0.000007,-0.000215, 1.000000, 0.000020,-0.000007,-0.000019, 1.000000, -0.0214,  0.0000,  0.0011, 0.01, 0.01, 0.01, 0.82, 1.21, 0.42,"(Pass14FF-Pass14RF)/2"},
    {17, 1.000000, 0.000347, 0.000007,-0.000348, 1.000000, 0.000030,-0.000007,-0.000029, 1.000000, -0.0381, -0.0043,  0.0042, 0.01, 0.01, 0.01, 0.55, 0.95, 0.46,"(Pass14FF-Pass14RF)/2"},
    {18, 1.000000, 0.000261,-0.000011,-0.000261, 1.000000,-0.000000, 0.000009, 0.000000, 1.000000, -0.0257,  0.0035, -0.0028, 0.01, 0.01, 0.01, 0.49, 0.75, 0.38,"(Pass14FF-Pass14RF)/2"},
    {19, 1.000000, 0.000090, 0.000003,-0.000089, 1.000000, 0.000004,-0.000003,-0.000004, 1.000000, -0.0047,  0.0015,  0.0015, 0.01, 0.01, 0.01, 0.40, 0.89, 0.40,"(Pass14FF-Pass14RF)/2"},
    {20, 1.000000, 0.000140,-0.000002,-0.000140, 1.000000,-0.000045, 0.000002, 0.000046, 1.000000, -0.0045,  0.0058, -0.0069, 0.01, 0.01, 0.01, 0.63, 1.32, 0.80,"(Pass14FF-Pass14RF)/2"},
    {21, 1.000000, 0.000179, 0.000073,-0.000181, 1.000000, 0.000024,-0.000073,-0.000024, 1.000000, -0.0227, -0.0058,  0.0024, 0.01, 0.01, 0.01, 2.54, 2.24, 0.94,"(Pass14FF-Pass14RF)/2"},
    {22, 1.000000, 0.000153,-0.000002,-0.000152, 1.000000, 0.000007, 0.000002,-0.000007, 1.000000, -0.0128,  0.0038,  0.0027, 0.01, 0.01, 0.01, 0.73, 1.15, 0.48,"(Pass14FF-Pass14RF)/2"},
    {23, 1.000000, 0.000070, 0.000013,-0.000070, 1.000000, 0.000014,-0.000013,-0.000014, 1.000000, -0.0025,  0.0032,  0.0015, 0.01, 0.01, 0.01, 0.36, 0.73, 0.25,"(Pass14FF-Pass14RF)/2"},
    {24, 1.000000,-0.000142, 0.000005, 0.000143, 1.000000, 0.000027,-0.000005,-0.000026, 1.000000,  0.0263,  0.0025,  0.0034, 0.01, 0.01, 0.01, 0.44, 0.95, 0.37,"(Pass14FF-Pass14RF)/2"}
  };
  St_Survey *tableSet = new St_Survey("TpcOuterSectorPositionB",48);
  for (Int_t i = 0; i < 48; i++) tableSet->AddAt(&row[i].Id, i);
  return (TDataSet *)tableSet;
}
